Date,Open,High,Low,Close,Volume,Adj Close
2009-12-24,11.09,11.24,11.01,11.21,2401200,11.21
2009-12-23,10.92,11.05,10.82,11.01,3193400,11.01
2009-12-22,10.90,10.98,10.78,10.90,4081800,10.90
2009-12-21,10.90,11.13,10.77,10.85,9876000,10.85
2009-12-18,10.70,11.05,10.53,11.05,22379400,11.05
2009-12-17,10.95,10.98,10.65,10.67,6102200,10.67
2009-12-16,11.01,11.15,10.90,10.97,6997200,10.97
2009-12-15,10.92,11.20,10.72,10.88,10006400,10.88
2009-12-14,11.22,11.30,10.91,10.99,12474600,10.99
2009-12-11,11.92,11.92,11.45,11.50,15497800,11.50
2009-12-10,12.71,12.90,11.65,11.72,29764900,11.72
2009-12-09,13.11,13.30,12.84,13.23,5612800,13.23
2009-12-08,12.73,13.30,12.50,12.94,6561100,12.94
2009-12-07,12.74,12.89,12.61,12.74,4714200,12.74
2009-12-04,12.36,12.63,12.15,12.58,6599400,12.58
2009-12-03,12.43,12.50,12.01,12.11,11795400,12.11
2009-12-02,12.42,13.22,12.35,12.88,13065300,12.88
2009-12-01,12.28,12.44,12.16,12.28,5088700,12.28
2009-11-30,12.11,12.21,12.00,12.15,3592700,12.15
2009-11-27,12.05,12.37,11.99,12.15,2600900,12.15
2009-11-25,12.48,12.64,12.42,12.60,3844600,12.60
2009-11-24,12.17,12.66,11.97,12.43,12423900,12.43
2009-11-23,12.22,12.70,11.86,12.00,18164600,12.00
2009-11-20,13.28,13.35,13.05,13.17,5648900,13.17
2009-11-19,13.51,13.54,12.99,13.47,3962300,13.47
2009-11-18,13.79,13.90,13.50,13.60,4630500,13.60
2009-11-17,13.00,14.05,12.95,14.02,10212400,14.02
2009-11-16,12.49,13.19,12.41,13.07,6860100,13.07
2009-11-13,12.29,12.52,12.13,12.37,2606500,12.37
2009-11-12,12.54,12.71,12.24,12.28,2355100,12.28
2009-11-11,12.30,12.50,12.20,12.46,2677600,12.46
2009-11-10,12.49,12.65,12.13,12.20,2446200,12.20
2009-11-09,12.29,12.49,12.28,12.46,2927800,12.46
2009-11-06,11.82,12.42,11.82,12.25,2332200,12.25
2009-11-05,11.99,12.16,11.88,12.15,2591500,12.15
2009-11-04,12.13,12.29,11.75,11.77,4551700,11.77
2009-11-03,11.54,12.06,11.50,12.03,5274500,12.03
2009-11-02,11.68,12.09,11.43,11.59,4506500,11.59
2009-10-30,12.21,12.28,11.64,11.73,4917500,11.73
2009-10-29,12.08,12.38,12.00,12.25,4127100,12.25
2009-10-28,12.05,12.31,11.75,11.76,5453800,11.76
2009-10-27,12.31,12.45,11.75,11.86,8003100,11.86
2009-10-26,12.82,13.09,12.30,12.43,5796300,12.43
2009-10-23,13.64,13.68,12.65,12.69,7991200,12.69
2009-10-22,13.85,13.93,13.08,13.46,8492400,13.46
2009-10-21,14.06,14.40,13.78,13.79,4531100,13.79
2009-10-20,14.34,14.57,14.03,14.11,6246900,14.11
2009-10-19,13.94,14.29,13.85,14.19,4356600,14.19
2009-10-16,14.04,14.13,13.79,13.99,5676700,13.99
2009-10-15,14.25,14.33,14.00,14.17,4877200,14.17
2009-10-14,14.21,14.51,13.71,14.42,12445800,14.42
2009-10-13,13.50,13.64,13.33,13.46,6723300,13.46
2009-10-12,13.00,13.65,12.96,13.41,9158800,13.41
2009-10-09,12.94,12.94,12.49,12.84,6782800,12.84
2009-10-08,13.19,13.66,12.69,12.77,13746100,12.77
2009-10-07,13.42,13.62,12.92,13.44,13361500,13.44
2009-10-06,14.33,14.38,12.69,13.05,20522800,13.05
2009-10-05,14.80,15.25,13.95,14.17,11144700,14.17
2009-10-02,14.73,14.85,14.40,14.66,6696600,14.66
2009-10-01,16.11,16.17,14.99,15.05,6229000,15.05
2009-09-30,16.29,16.60,15.90,16.28,3678600,16.28
2009-09-29,16.24,16.46,16.11,16.26,3052400,16.26
2009-09-28,15.60,16.33,15.59,16.20,3496600,16.20
2009-09-25,15.56,15.73,15.41,15.49,2533500,15.49
2009-09-24,16.44,16.46,15.60,15.87,2854800,15.87
2009-09-23,16.53,16.64,16.17,16.21,2033800,16.21
2009-09-22,16.35,16.63,16.27,16.50,2060500,16.50
2009-09-21,15.47,16.50,15.47,16.19,5035100,16.19
2009-09-18,16.12,16.25,15.74,16.03,3574000,16.03
2009-09-17,16.21,16.63,16.03,16.20,2730900,16.20
2009-09-16,16.05,16.32,15.90,16.25,4031200,16.25
2009-09-15,15.75,16.08,15.53,15.90,3975700,15.90
2009-09-14,15.42,15.72,15.31,15.60,4147400,15.60
2009-09-11,15.67,16.00,15.36,15.83,6033300,15.83
2009-09-10,15.01,15.75,14.86,15.67,7027400,15.67
2009-09-09,14.42,15.26,14.30,14.82,8586000,14.82
2009-09-08,13.82,14.51,13.79,14.43,6856000,14.43
2009-09-04,13.16,13.79,13.01,13.65,6257100,13.65
2009-09-03,12.69,13.47,12.57,13.00,12172700,13.00
2009-09-02,12.33,12.47,12.10,12.27,5801300,12.27
2009-09-01,13.22,13.30,12.26,12.36,7892200,12.36
2009-08-31,13.40,13.48,12.98,13.40,2402000,13.40
2009-08-28,13.58,13.88,13.50,13.62,2556500,13.62
2009-08-27,13.38,13.48,12.80,13.44,2855400,13.44
2009-08-26,13.10,13.39,12.97,13.32,3240000,13.32
2009-08-25,13.17,13.38,12.80,12.96,4132200,12.96
2009-08-24,13.53,13.89,13.10,13.17,4743700,13.17
2009-08-21,13.31,13.50,13.06,13.43,4332700,13.43
2009-08-20,13.36,13.65,12.81,13.05,8811700,13.05
2009-08-19,12.43,13.85,12.43,13.20,12629500,13.20
2009-08-18,11.88,12.94,11.80,12.81,7897200,12.81
2009-08-17,12.14,12.14,11.72,11.75,2758600,11.75
2009-08-14,12.66,12.72,12.17,12.52,4547300,12.52
2009-08-13,11.99,12.83,11.72,12.63,8093100,12.63
2009-08-12,11.49,11.95,11.45,11.81,3544900,11.81
2009-08-11,11.53,11.65,11.10,11.36,2211800,11.36
2009-08-10,11.51,11.90,11.46,11.65,2625200,11.65
2009-08-07,11.61,11.75,11.38,11.66,2290300,11.66
2009-08-06,11.60,11.73,11.22,11.37,2680400,11.37
2009-08-05,11.48,11.78,11.38,11.57,2724400,11.57
2009-08-04,11.20,11.52,11.08,11.50,3599900,11.50
2009-08-03,11.22,11.48,11.10,11.38,2729800,11.38
2009-07-31,11.10,11.35,11.05,11.16,2600800,11.16
2009-07-30,11.44,11.62,11.10,11.16,3137800,11.16
2009-07-29,11.59,11.59,11.04,11.25,3584900,11.25
2009-07-28,11.69,11.91,11.35,11.63,4141400,11.63
2009-07-27,11.46,11.82,11.21,11.74,4771500,11.74
2009-07-24,10.95,11.50,10.83,11.44,4611100,11.44
2009-07-23,10.37,11.43,10.26,11.15,7650600,11.15
2009-07-22,10.14,10.52,10.11,10.34,3732800,10.34
2009-07-21,10.26,10.55,10.18,10.30,5539400,10.30
2009-07-20,9.95,10.27,9.85,10.18,4634200,10.18
2009-07-17,10.29,10.30,9.79,10.02,4486500,10.02
2009-07-16,9.96,10.36,9.88,10.25,2743200,10.25
2009-07-15,9.95,10.10,9.87,10.05,3626500,10.05
2009-07-14,9.53,9.76,9.40,9.66,3488300,9.66
2009-07-13,9.44,9.54,9.12,9.53,2395000,9.53
2009-07-10,9.22,9.43,9.08,9.33,2824100,9.33
2009-07-09,9.24,9.50,9.15,9.30,3954800,9.30
2009-07-08,8.83,9.04,8.45,8.93,6882100,8.93
2009-07-07,9.25,9.39,8.80,8.84,6871400,8.84
2009-07-06,9.71,9.80,9.00,9.39,6413900,9.39
2009-07-02,10.12,10.17,9.90,9.90,1909100,9.90
2009-07-01,10.37,10.67,10.20,10.33,1621100,10.33
2009-06-30,10.33,10.48,10.17,10.35,1957600,10.35
2009-06-29,10.21,10.50,9.99,10.39,1999500,10.39
2009-06-26,10.03,10.31,9.95,10.25,3541000,10.25
2009-06-25,9.64,10.18,9.55,10.15,3529500,10.15
2009-06-24,9.91,10.03,9.61,9.73,2412000,9.73
2009-06-23,10.03,10.20,9.54,9.71,4102900,9.71
2009-06-22,10.16,10.44,9.81,9.86,5276600,9.86
2009-06-19,10.04,10.76,9.99,10.61,6676300,10.61
2009-06-18,9.98,10.00,9.70,9.80,2694400,9.80
2009-06-17,10.01,10.20,9.66,10.00,3932300,10.00
2009-06-16,10.04,10.44,9.89,10.05,6462700,10.05
2009-06-15,10.01,10.19,9.85,10.01,3363100,10.01
2009-06-12,10.37,10.48,10.05,10.19,3903100,10.19
2009-06-11,10.70,10.88,10.33,10.44,5236900,10.44
2009-06-10,11.00,11.14,10.64,10.76,3905100,10.76
2009-06-09,10.76,11.15,10.55,10.92,4844800,10.92
2009-06-08,10.65,10.76,10.25,10.61,4148700,10.61
2009-06-05,11.93,11.95,10.64,10.77,8219000,10.77
2009-06-04,10.45,11.88,10.45,11.63,13386900,11.63
2009-06-03,11.60,11.65,10.65,11.02,5976700,11.02
2009-06-02,11.97,11.99,11.45,11.74,3956600,11.74
2009-06-01,11.33,12.18,11.27,12.00,5739700,12.00
2009-05-29,11.05,11.16,10.72,11.00,3933700,11.00
2009-05-28,11.01,11.16,10.25,10.81,3601300,10.81
2009-05-27,11.02,11.26,10.79,10.84,2469000,10.84
2009-05-26,10.46,11.26,10.46,11.05,3279100,11.05
2009-05-22,10.97,11.04,10.62,10.66,3014100,10.66
2009-05-21,10.80,11.19,10.53,10.91,2896300,10.91
2009-05-20,11.40,11.73,10.73,10.90,4043000,10.90
2009-05-19,10.65,11.48,10.47,11.27,5544900,11.27
2009-05-18,10.00,10.62,9.99,10.47,5147300,10.47
2009-05-15,9.67,9.93,9.50,9.59,3028800,9.59
2009-05-14,9.41,9.71,9.26,9.55,4967200,9.55
2009-05-13,9.88,9.88,9.27,9.38,5477500,9.38
2009-05-12,10.30,10.60,9.84,9.94,7017900,9.94
2009-05-11,11.10,11.10,10.44,10.73,3913600,10.73
2009-05-08,11.29,11.48,10.93,11.34,4143700,11.34
2009-05-07,12.23,12.30,10.81,10.99,4370000,10.99
2009-05-06,12.31,12.38,11.68,12.19,3917100,12.19
2009-05-05,12.22,12.50,11.87,12.09,3880200,12.09
2009-05-04,12.10,12.51,11.99,12.25,4716000,12.25
2009-05-01,11.95,12.25,11.82,11.98,3004400,11.98
2009-04-30,11.84,12.28,11.69,11.95,5548300,11.95
2009-04-29,11.41,11.84,11.25,11.59,3740400,11.59
2009-04-28,10.80,11.55,10.70,11.21,4226800,11.21
2009-04-27,10.86,11.23,10.70,10.83,4515200,10.83
2009-04-24,10.04,11.31,10.03,11.21,5622400,11.21
2009-04-23,9.99,10.30,9.68,9.97,4541500,9.97
2009-04-22,9.42,10.29,9.30,9.94,3404000,9.94
2009-04-21,8.99,9.62,8.87,9.48,2820800,9.48
2009-04-20,9.64,9.70,8.98,9.07,3150300,9.07
2009-04-17,9.52,10.06,9.31,9.92,4774200,9.92
2009-04-16,8.86,9.55,8.72,9.52,4353300,9.52
2009-04-15,8.47,8.81,8.23,8.70,3505700,8.70
2009-04-14,8.69,9.13,8.47,8.52,4110900,8.52
2009-04-13,8.93,9.11,8.71,8.97,3395500,8.97
2009-04-09,8.85,9.20,8.83,9.07,3060800,9.07
2009-04-08,8.20,8.76,8.20,8.67,3304800,8.67
2009-04-07,8.33,8.35,8.11,8.17,1485500,8.17
2009-04-06,8.83,8.83,8.21,8.43,3020700,8.43
2009-04-03,8.65,8.89,8.54,8.87,3177800,8.87
2009-04-02,8.40,8.78,8.37,8.61,3078000,8.61
2009-04-01,7.70,8.33,7.56,8.26,2647500,8.26
2009-03-31,7.88,8.14,7.71,7.78,3039400,7.78
2009-03-30,7.85,7.90,7.41,7.88,2722700,7.88
2009-03-27,8.20,8.45,8.03,8.22,3593900,8.22
2009-03-26,7.52,8.46,7.50,8.41,5311400,8.41
2009-03-25,7.42,7.68,7.10,7.45,2580400,7.45
2009-03-24,7.22,7.41,6.98,7.25,2176600,7.25
2009-03-23,7.02,7.23,6.93,7.23,2618800,7.23
2009-03-20,7.33,7.42,6.66,6.75,2486800,6.75
2009-03-19,7.44,7.49,7.15,7.28,2514600,7.28
2009-03-18,7.00,7.47,6.83,7.40,3012800,7.40
2009-03-17,6.67,7.10,6.54,7.10,2260200,7.10
2009-03-16,7.04,7.11,6.67,6.69,1860800,6.69
2009-03-13,7.31,7.49,6.80,6.90,4973700,6.90
2009-03-12,6.72,7.31,6.70,7.28,3399300,7.28
2009-03-11,7.00,7.20,6.50,6.76,4406800,6.76
2009-03-10,6.43,7.02,6.39,7.00,5026100,7.00
2009-03-09,5.98,6.70,5.81,6.26,3808500,6.26
2009-03-06,6.10,6.41,5.80,6.11,4880200,6.11
2009-03-05,5.55,6.24,5.45,5.93,6908800,5.93
2009-03-04,5.38,5.42,5.19,5.34,3272400,5.34
2009-03-03,5.39,5.47,5.05,5.13,2456500,5.13
2009-03-02,5.33,5.45,5.05,5.28,3194900,5.28
2009-02-27,5.57,5.63,5.25,5.37,4879400,5.37
2009-02-26,5.53,6.14,5.53,5.73,4480700,5.73
2009-02-25,5.54,5.62,5.22,5.45,3646600,5.45
2009-02-24,5.13,5.66,4.98,5.60,3546800,5.60
2009-02-23,5.41,5.49,5.07,5.09,2505000,5.09
2009-02-20,5.38,5.64,5.13,5.34,3423900,5.34
2009-02-19,5.73,5.86,5.43,5.43,2556000,5.43
2009-02-18,5.85,5.97,5.54,5.65,3411500,5.65
2009-02-17,6.17,6.17,5.80,5.86,2943900,5.86
2009-02-13,6.32,6.55,6.30,6.37,1420500,6.37
2009-02-12,6.23,6.40,6.09,6.35,1667900,6.35
2009-02-11,6.20,6.40,6.06,6.30,3662200,6.30
2009-02-10,6.51,6.90,6.03,6.11,4607100,6.11
2009-02-09,6.69,6.80,6.51,6.57,2445500,6.57
2009-02-06,6.43,6.77,6.33,6.65,3124800,6.65
2009-02-05,5.95,6.52,5.83,6.46,4368800,6.46
2009-02-04,6.13,6.36,5.91,6.01,4126200,6.01
2009-02-03,6.09,6.25,5.90,6.18,4306800,6.18
2009-02-02,6.19,6.21,5.88,5.98,6360200,5.98
2009-01-30,7.06,7.13,6.20,6.24,4968600,6.24
2009-01-29,7.47,7.47,7.00,7.03,3076800,7.03
2009-01-28,7.65,7.70,7.35,7.50,5710200,7.50
2009-01-27,7.73,8.10,7.73,7.85,3606800,7.85
2009-01-26,7.75,8.13,7.54,7.74,3783200,7.74
2009-01-23,6.70,7.91,6.70,7.75,4743700,7.75
2009-01-22,6.81,7.12,6.65,7.06,3267400,7.06
2009-01-21,6.60,7.03,6.39,7.02,4039600,7.02
2009-01-20,7.26,7.38,6.53,6.53,3154200,6.53
2009-01-16,7.55,7.66,6.95,7.25,3884700,7.25
2009-01-15,7.04,7.45,6.66,7.32,5030300,7.32
2009-01-14,7.23,7.36,7.00,7.08,3937400,7.08
2009-01-13,7.62,7.79,7.28,7.47,3786800,7.47
2009-01-12,8.05,8.05,7.60,7.77,3252900,7.77
2009-01-09,8.47,8.57,7.98,8.03,5194500,8.03
2009-01-08,8.97,9.01,8.16,8.75,7137900,8.75
2009-01-07,8.26,9.10,8.15,9.04,11874200,9.04
2009-01-06,7.36,8.45,7.36,8.40,10725100,8.40
2009-01-05,7.00,7.18,6.87,7.08,2523900,7.08
2009-01-02,6.69,7.08,6.61,6.98,2783500,6.98
2008-12-31,6.32,6.75,6.22,6.70,1836500,6.70
2008-12-30,6.18,6.33,6.10,6.32,2052200,6.32
2008-12-29,6.24,6.31,6.02,6.11,1508500,6.11
2008-12-26,6.20,6.31,6.11,6.26,1048200,6.26
2008-12-24,6.36,6.36,6.17,6.21,810400,6.21
2008-12-23,6.31,6.45,6.13,6.40,2319100,6.40
2008-12-22,6.66,6.75,6.03,6.21,2519400,6.21
2008-12-19,6.57,6.88,6.50,6.71,2336000,6.71
2008-12-18,6.91,6.95,6.41,6.54,2850900,6.54
2008-12-17,6.89,6.96,6.61,6.86,4568700,6.86
2008-12-16,6.81,7.00,6.71,6.94,4672000,6.94
2008-12-15,6.69,6.76,6.36,6.62,7059900,6.62
2008-12-12,5.94,6.14,5.75,6.13,4137900,6.13
2008-12-11,6.65,6.73,6.01,6.05,8451300,6.05
2008-12-10,7.45,7.78,7.12,7.56,5518600,7.56
2008-12-09,7.15,7.74,6.94,7.03,4666000,7.03
2008-12-08,6.63,7.43,6.63,7.24,4948700,7.24
2008-12-05,6.11,6.50,5.76,6.47,3641500,6.47
2008-12-04,6.70,6.82,6.11,6.19,4446800,6.19
2008-12-03,6.25,6.81,6.15,6.77,3902300,6.77
2008-12-02,6.78,6.82,6.16,6.50,4017200,6.50
2008-12-01,7.20,7.28,6.62,6.66,3363000,6.66
2008-11-28,7.36,7.57,7.27,7.40,682500,7.40
2008-11-26,6.73,7.44,6.60,7.38,1487800,7.38
2008-11-25,6.63,6.84,6.30,6.81,2099900,6.81
2008-11-24,6.04,6.65,6.01,6.60,3346300,6.60
2008-11-21,5.52,5.77,5.26,5.77,3975600,5.77
2008-11-20,5.46,5.90,5.07,5.34,3738900,5.34
2008-11-19,6.38,6.54,5.55,5.55,2404700,5.55
2008-11-18,6.47,6.57,6.21,6.53,1780700,6.53
2008-11-17,6.49,6.74,6.39,6.49,1916600,6.49
2008-11-14,6.46,7.11,6.35,6.68,4546500,6.68
2008-11-13,6.14,6.74,5.81,6.65,4017400,6.65
2008-11-12,6.65,6.67,6.18,6.24,3328200,6.24
2008-11-11,7.20,7.20,6.64,6.75,3130600,6.75
2008-11-10,8.18,8.38,7.18,7.27,3497500,7.27
2008-11-07,7.83,8.15,7.66,7.97,3080400,7.97
2008-11-06,8.50,8.54,7.78,7.81,3846500,7.81
2008-11-05,9.13,9.26,8.62,8.66,2054800,8.66
2008-11-04,9.07,9.79,8.84,9.17,4553300,9.17
2008-11-03,9.11,9.40,8.75,8.84,2702900,8.84
2008-10-31,9.12,9.85,8.99,9.61,3252500,9.61
2008-10-30,8.66,9.20,8.66,9.16,7785000,9.16
2008-10-29,8.23,8.67,7.91,8.47,4151000,8.47
2008-10-28,9.08,9.11,7.66,8.20,6972000,8.20
2008-10-27,8.07,9.09,8.01,8.52,3910500,8.52
2008-10-24,7.00,8.85,7.00,8.25,5360900,8.25
2008-10-23,7.71,8.12,7.23,7.75,3113400,7.75
2008-10-22,8.16,8.38,7.63,7.92,2473100,7.92
2008-10-21,8.47,8.91,8.26,8.33,2454600,8.33
2008-10-20,7.90,8.83,7.80,8.75,4713300,8.75
2008-10-17,7.36,8.39,7.24,7.73,2573600,7.73
2008-10-16,7.50,7.64,6.87,7.54,3731300,7.54
2008-10-15,8.20,8.26,7.39,7.42,2104800,7.42
2008-10-14,9.10,9.10,8.08,8.25,3906300,8.25
2008-10-13,7.84,8.50,7.70,8.46,3059100,8.46
2008-10-10,6.91,7.67,6.60,7.27,8103200,7.27
2008-10-09,8.20,8.46,7.23,7.30,3891900,7.30
2008-10-08,7.83,8.40,7.58,7.97,6487600,7.97
2008-10-07,8.75,8.94,7.85,7.87,4844500,7.87
2008-10-06,8.67,8.84,7.96,8.53,6309400,8.53
2008-10-03,9.24,9.41,8.68,8.93,5834900,8.93
2008-10-02,9.69,9.69,8.98,9.06,3695300,9.06
2008-10-01,9.95,10.18,9.50,9.72,4138000,9.72
2008-09-30,10.00,10.18,9.72,10.08,4409500,10.08
2008-09-29,11.44,11.47,9.29,9.55,7843100,9.55
2008-09-26,11.12,11.68,10.93,11.61,4535400,11.61
2008-09-25,11.02,11.94,10.98,11.56,5865900,11.56
2008-09-24,10.56,11.06,10.41,10.91,6211900,10.91
2008-09-23,10.78,10.99,10.45,10.48,5614400,10.48
2008-09-22,12.25,12.36,10.66,10.70,7970700,10.70
2008-09-19,11.08,11.29,10.23,11.28,6079500,11.28
2008-09-18,10.42,10.75,9.52,10.07,9665600,10.07
2008-09-17,10.91,11.05,10.07,10.31,7804700,10.31
2008-09-16,11.21,11.43,10.32,11.23,7445900,11.23
2008-09-15,11.49,11.82,11.15,11.50,6181200,11.50
2008-09-12,11.53,12.06,11.44,12.00,6650500,12.00
2008-09-11,11.26,11.75,11.01,11.56,6217900,11.56
2008-09-10,11.66,11.78,11.26,11.41,7525500,11.41
2008-09-09,12.44,12.49,11.51,11.58,9051300,11.58
2008-09-08,12.63,13.05,12.18,12.26,10019900,12.26
2008-09-05,12.89,13.17,12.39,12.64,12287700,12.64
2008-09-04,14.13,14.16,13.00,13.09,30009000,13.09
2008-09-03,17.28,17.61,16.91,17.43,4509900,17.43
2008-09-02,17.42,17.80,16.90,17.24,3086200,17.24
2008-08-29,17.75,17.75,17.00,17.38,3114000,17.38
2008-08-28,17.50,17.88,17.33,17.85,2123900,17.85
2008-08-27,17.55,17.55,17.22,17.40,3282400,17.40
2008-08-26,18.14,18.18,17.31,17.56,2509200,17.56
2008-08-25,18.49,18.65,18.12,18.18,1674900,18.18
2008-08-22,18.26,18.70,18.10,18.50,2357800,18.50
2008-08-21,17.91,18.41,17.74,18.19,2614200,18.19
2008-08-20,18.02,18.35,17.71,18.10,2737100,18.10
2008-08-19,18.06,18.32,17.87,17.94,2043000,17.94
2008-08-18,18.80,18.97,18.03,18.18,3438400,18.18
2008-08-15,18.02,19.03,17.86,18.76,5363100,18.76
2008-08-14,17.65,18.18,17.57,18.00,2755700,18.00
2008-08-13,17.65,17.92,17.32,17.66,3418900,17.66
2008-08-12,18.00,18.19,17.58,17.74,3837600,17.74
2008-08-11,17.44,18.69,17.31,18.17,6266200,18.17
2008-08-08,16.39,17.54,16.39,17.01,7936600,17.01
2008-08-07,17.70,17.78,16.34,16.39,13404700,16.39
2008-08-06,18.58,18.84,17.70,17.85,8194100,17.85
2008-08-05,18.81,19.08,18.63,18.70,5325400,18.70
2008-08-04,20.04,20.10,18.59,18.59,5920900,18.59
2008-08-01,20.81,20.84,19.86,19.89,3290500,19.89
2008-07-31,20.04,21.07,20.03,20.67,3095200,20.67
2008-07-30,21.21,21.57,19.93,20.31,5821800,20.31
2008-07-29,20.62,21.55,20.23,21.21,4986900,21.21
2008-07-28,21.65,21.90,20.48,20.56,3245100,20.56
2008-07-25,21.66,22.39,21.09,21.62,4848700,21.62
2008-07-24,22.68,22.80,21.43,21.50,3548700,21.50
2008-07-23,22.94,23.40,22.16,22.71,5908000,22.71
2008-07-22,22.25,22.93,21.70,22.89,4256600,22.89
2008-07-21,22.06,22.95,22.06,22.62,4409900,22.62
2008-07-18,21.57,22.80,21.13,21.88,5896200,21.88
2008-07-17,21.59,22.12,20.69,21.56,5333900,21.56
2008-07-16,19.65,21.61,19.30,21.53,7911600,21.53
2008-07-15,20.21,21.04,19.73,20.41,6253900,20.41
2008-07-14,21.99,22.10,20.69,20.80,4686400,20.80
2008-07-11,21.24,21.49,20.88,21.19,3650600,21.19
2008-07-10,21.59,21.89,21.13,21.57,3421000,21.57
2008-07-09,22.65,22.74,21.50,21.53,3938400,21.53
2008-07-08,22.26,22.65,21.75,22.52,3669300,22.52
2008-07-07,22.50,22.80,21.80,22.35,3377900,22.35
2008-07-03,23.21,23.23,22.06,22.22,2892500,22.22
2008-07-02,23.52,23.91,23.11,23.22,4204400,23.22
2008-07-01,22.80,23.59,22.66,23.45,5732600,23.45
2008-06-30,23.71,23.75,22.78,23.17,4755300,23.17
2008-06-27,23.76,24.08,23.10,23.90,4247800,23.90
2008-06-26,24.15,24.15,23.28,23.69,5155100,23.69
2008-06-25,24.99,25.14,24.22,24.37,4854700,24.37
2008-06-24,25.03,25.38,24.70,24.79,2654900,24.79
2008-06-23,25.59,25.93,25.24,25.32,3210300,25.32
2008-06-20,25.97,26.21,25.38,25.62,6549600,25.62
2008-06-19,25.53,25.74,25.25,25.61,4030300,25.61
2008-06-18,25.93,26.14,25.21,25.53,5573400,25.53
2008-06-17,27.41,27.41,25.93,26.11,5087800,26.11
2008-06-16,26.98,27.75,26.93,27.32,2381100,27.32
2008-06-13,26.99,27.24,26.66,27.12,2207300,27.12
2008-06-12,26.99,27.53,26.60,26.80,3710600,26.80
2008-06-11,27.57,27.80,26.56,26.66,3961600,26.66
2008-06-10,26.92,28.23,26.72,27.67,4859100,27.67
2008-06-09,28.21,28.65,27.12,27.43,5082700,27.43
2008-06-06,28.47,28.99,27.91,28.23,5908900,28.23
2008-06-05,29.26,29.50,27.68,28.07,14733600,28.07
2008-06-04,29.76,30.84,29.70,30.46,5024300,30.46
2008-06-03,30.00,30.17,29.47,30.04,3208500,30.04
2008-06-02,30.64,30.72,29.60,29.97,3874000,29.97
2008-05-30,29.65,30.66,29.50,30.56,3994200,30.56
2008-05-29,30.16,30.21,29.13,29.50,2876400,29.50
2008-05-28,29.70,30.21,29.62,30.01,4791700,30.01
2008-05-27,29.86,30.09,29.15,29.54,3788800,29.54
2008-05-23,30.20,30.38,29.16,29.87,2509700,29.87
2008-05-22,30.36,30.80,30.00,30.35,2787100,30.35
2008-05-21,30.84,31.40,29.84,30.31,4820700,30.31
2008-05-20,32.52,32.72,30.85,31.23,4835200,31.23
2008-05-19,33.30,33.86,32.66,32.81,2441100,32.81
2008-05-16,34.50,34.50,33.08,33.55,2851800,33.55
2008-05-15,34.47,34.80,33.82,34.57,1790800,34.57
2008-05-14,33.35,35.14,33.13,34.45,2767900,34.45
2008-05-13,33.53,33.84,32.94,33.13,1618400,33.13
2008-05-12,32.37,33.62,32.02,33.43,2510500,33.43
2008-05-09,32.85,33.01,32.22,32.37,1689500,32.37
2008-05-08,32.82,33.47,32.43,33.14,2043800,33.14
2008-05-07,32.41,33.66,32.19,32.66,3593800,32.66
2008-05-06,32.12,32.44,31.52,32.32,2687400,32.32
2008-05-05,33.18,33.18,31.88,32.05,2882100,32.05
2008-05-02,34.15,34.50,32.67,33.00,3503200,33.00
2008-05-01,33.67,34.32,33.67,33.78,3284400,33.78
2008-04-30,34.08,34.49,33.62,33.81,3099200,33.81
2008-04-29,34.18,34.74,33.67,33.85,3043600,33.85
2008-04-28,35.52,35.65,34.00,34.08,3754100,34.08
2008-04-25,34.75,35.82,34.57,35.60,2608800,35.60
2008-04-24,34.00,35.20,33.76,34.73,2258100,34.73
2008-04-23,33.33,34.10,32.93,33.93,1845400,33.93
2008-04-22,33.52,33.70,32.60,33.09,1832900,33.09
2008-04-21,33.06,34.11,32.89,33.87,2377400,33.87
2008-04-18,31.79,33.68,31.71,33.02,3093300,33.02
2008-04-17,31.79,32.23,31.14,31.63,1634300,31.63
2008-04-16,31.16,32.28,31.08,31.95,3152600,31.95
2008-04-15,31.38,31.39,30.44,30.57,2521400,30.57
2008-04-14,30.52,31.77,30.50,31.00,1847600,31.00
2008-04-11,30.76,31.02,30.25,30.88,2102200,30.88
2008-04-10,31.53,31.82,30.14,31.15,2474000,31.15
2008-04-09,32.43,32.75,31.19,31.59,2799400,31.59
2008-04-08,32.06,32.71,31.85,32.52,1787500,32.52
2008-04-07,32.81,33.13,32.28,32.48,1995300,32.48
2008-04-04,32.77,32.96,32.13,32.59,1971800,32.59
2008-04-03,31.90,32.97,31.66,32.49,2655500,32.49
2008-04-02,31.86,33.15,31.66,32.12,4404200,32.12
2008-04-01,31.53,32.45,31.37,31.93,3401600,31.93
2008-03-31,31.19,31.33,30.53,30.83,2141600,30.83
2008-03-28,31.14,31.89,30.69,30.94,2146000,30.94
2008-03-27,31.63,32.00,30.97,31.15,2492500,31.15
2008-03-26,31.59,31.82,31.04,31.50,3074400,31.50
2008-03-25,31.98,32.25,31.40,31.88,3097900,31.88
2008-03-24,30.35,32.23,30.05,31.76,4546100,31.76
2008-03-20,28.39,30.19,28.19,30.08,4190800,30.08
2008-03-19,29.80,29.97,28.19,28.19,2749800,28.19
2008-03-18,28.43,30.00,28.25,29.86,4403900,29.86
2008-03-17,27.77,28.25,27.13,27.65,3044100,27.65
2008-03-14,29.69,30.32,27.83,28.56,5349200,28.56
2008-03-13,27.92,29.88,27.39,29.50,5981100,29.50
2008-03-12,27.45,29.04,27.29,28.27,5305500,28.27
2008-03-11,27.02,27.41,26.26,27.20,3927200,27.20
2008-03-10,26.89,27.40,25.83,26.21,4849900,26.21
2008-03-07,26.91,29.04,25.99,27.80,16726500,27.80
2008-03-06,25.85,25.85,24.78,24.94,4322000,24.94
2008-03-05,25.89,26.32,25.64,25.99,2690400,25.99
2008-03-04,25.60,25.90,24.79,25.57,3766300,25.57
2008-03-03,25.90,27.08,25.51,25.95,5066700,25.95
2008-02-29,27.13,27.15,25.67,25.83,2931800,25.83
2008-02-28,27.92,28.37,27.16,27.31,2175200,27.31
2008-02-27,27.56,28.11,27.47,27.88,2225100,27.88
2008-02-26,26.49,28.11,26.14,27.75,3426600,27.75
2008-02-25,26.16,26.80,25.85,26.67,4189400,26.67
2008-02-22,26.74,26.74,24.72,26.10,6349700,26.10
2008-02-21,26.76,27.22,26.40,26.57,3309100,26.57
2008-02-20,26.62,26.96,26.00,26.67,3216700,26.67
2008-02-19,27.01,27.38,26.62,27.01,4868800,27.01
2008-02-15,25.77,27.38,25.77,26.60,5385000,26.60
2008-02-14,26.05,26.24,25.47,25.78,3136900,25.78
2008-02-13,25.30,26.12,25.29,26.03,3360400,26.03
2008-02-12,25.24,25.57,24.63,25.00,3197400,25.00
2008-02-11,24.94,25.25,24.32,25.13,2916200,25.13
2008-02-08,24.70,25.19,24.25,24.97,3781500,24.97
2008-02-07,24.89,25.18,24.04,24.53,6160100,24.53
2008-02-06,24.41,25.99,24.25,25.60,4809000,25.60
2008-02-05,25.70,25.70,24.00,24.10,3273000,24.10
2008-02-04,26.59,26.59,25.84,26.05,2224700,26.05
2008-02-01,26.64,27.39,25.64,26.41,3821200,26.41
2008-01-31,25.65,27.58,25.65,27.13,3242800,27.13
2008-01-30,25.97,26.87,25.67,26.17,2650600,26.17
2008-01-29,25.11,26.58,25.00,26.15,3124100,26.15
2008-01-28,24.61,25.14,24.36,24.98,3403400,24.98
2008-01-25,25.30,25.43,24.12,24.79,4012500,24.79
2008-01-24,23.07,25.00,23.02,24.58,6784300,24.58
2008-01-23,24.55,24.55,21.40,22.83,10563700,22.83
2008-01-22,24.55,26.53,24.00,26.17,2960700,26.17
2008-01-18,26.47,27.24,26.03,26.52,2461100,26.52
2008-01-17,27.55,27.89,26.33,26.37,3135200,26.37
2008-01-16,27.00,28.11,26.08,27.26,3596800,27.26
2008-01-15,28.44,28.56,26.92,27.24,3418400,27.24
2008-01-14,28.80,29.21,28.55,28.94,2820800,28.94
2008-01-11,29.32,29.38,28.14,28.30,4921500,28.30
2008-01-10,27.06,30.17,27.05,29.65,8780100,29.65
2008-01-09,26.58,27.71,25.68,27.39,5782000,27.39
2008-01-08,28.48,28.61,26.62,26.69,5239000,26.69
2008-01-07,30.01,30.35,28.04,28.24,6342000,28.24
2008-01-04,31.15,31.15,29.71,29.91,4337700,29.91
2008-01-03,32.42,32.42,31.15,31.55,3529000,31.55
2008-01-02,33.78,34.20,31.90,32.42,3971500,32.42
2007-12-31,34.16,34.43,33.55,34.11,2275800,34.11
2007-12-28,34.20,34.45,34.00,34.32,1537500,34.32
2007-12-27,34.69,34.69,33.64,33.80,2192500,33.80
2007-12-26,34.23,34.78,33.80,34.66,1961400,34.66
2007-12-24,34.59,34.81,34.20,34.59,691600,34.59
2007-12-21,34.81,34.99,34.40,34.59,3284000,34.59
2007-12-20,35.30,35.65,33.46,34.46,3886200,34.46
2007-12-19,35.08,35.80,34.55,35.16,2376200,35.16
2007-12-18,34.78,35.47,34.19,35.21,3251100,35.21
2007-12-17,35.43,36.10,34.04,34.35,5810700,34.35
2007-12-14,36.95,37.01,35.04,35.75,5622900,35.75
2007-12-13,40.36,40.44,36.33,37.04,13594500,37.04
2007-12-12,42.68,43.24,41.77,42.12,3800000,42.12
2007-12-11,43.60,43.72,41.57,41.57,3622100,41.57
2007-12-10,43.77,44.29,43.10,43.55,1733900,43.55
2007-12-07,43.68,44.31,42.89,43.61,1816200,43.61
2007-12-06,42.82,43.73,42.74,43.57,1263700,43.57
2007-12-05,42.13,43.52,41.99,42.93,2868500,42.93
2007-12-04,42.32,42.58,41.42,41.54,3705400,41.54
2007-12-03,44.05,44.28,42.44,42.62,2014600,42.62
2007-11-30,43.44,44.45,43.29,43.98,2582600,43.98
2007-11-29,43.31,43.76,42.24,42.84,2299900,42.84
2007-11-28,42.00,44.04,41.99,43.58,3399200,43.58
2007-11-27,41.16,41.74,40.50,41.44,1882600,41.44
2007-11-26,41.62,42.48,40.64,40.71,1655100,40.71
2007-11-23,41.58,42.10,40.95,41.73,610800,41.73
2007-11-21,40.60,42.11,39.94,41.20,3667300,41.20
2007-11-20,40.81,42.96,40.50,41.39,4907600,41.39
2007-11-19,43.04,43.76,39.26,40.45,6078500,40.45
2007-11-16,43.69,44.54,42.63,43.46,2893600,43.46
2007-11-15,44.63,45.30,43.21,43.70,3151800,43.70
2007-11-14,46.37,46.95,44.47,44.89,2061300,44.89
2007-11-13,44.11,46.40,43.67,46.29,2020600,46.29
2007-11-12,44.60,45.15,43.27,43.67,2600200,43.67
2007-11-09,45.13,45.71,43.71,44.36,3129200,44.36
2007-11-08,46.40,47.74,45.05,46.20,4340900,46.20
2007-11-07,48.23,48.82,46.78,46.78,3200800,46.78
2007-11-06,46.49,48.44,46.32,48.29,2370800,48.29
2007-11-05,46.68,47.10,44.70,46.44,1590800,46.44
2007-11-02,46.56,47.00,45.52,46.88,2611600,46.88
2007-11-01,47.75,47.77,46.16,46.44,2477700,46.44
2007-10-31,47.94,48.22,46.63,47.86,2290500,47.86
2007-10-30,48.69,48.74,47.36,47.65,1983300,47.65
2007-10-29,46.88,49.55,46.68,48.70,3403600,48.70
2007-10-26,46.60,47.35,46.05,46.54,2208600,46.54
2007-10-25,45.55,46.65,45.13,46.00,2669400,46.00
2007-10-24,46.35,46.35,44.14,45.34,3050000,45.34
2007-10-23,46.09,47.32,45.44,46.49,2409900,46.49
2007-10-22,43.25,45.88,43.21,45.79,4181100,45.79
2007-10-19,45.12,45.24,43.49,43.54,2334900,43.54
2007-10-18,45.79,45.79,44.60,45.20,1802900,45.20
2007-10-17,45.65,46.50,45.39,45.74,2800300,45.74
2007-10-16,44.65,45.33,43.60,45.04,2680200,45.04
2007-10-15,45.42,45.47,44.23,44.59,3120700,44.59
2007-10-12,46.01,46.32,44.79,45.47,2915000,45.47
2007-10-11,48.39,48.39,44.61,46.13,4118800,46.13
2007-10-10,46.30,48.10,46.19,47.95,4628100,47.95
2007-10-09,46.61,46.95,45.83,46.26,2007800,46.26
2007-10-08,46.76,47.19,45.71,46.17,2089000,46.17
2007-10-05,45.45,47.25,45.34,46.76,3365800,46.76
2007-10-04,45.35,45.54,44.50,45.31,3792600,45.31
2007-10-03,43.84,45.35,43.82,45.22,8546600,45.22
2007-10-02,39.09,42.92,39.00,42.66,8656900,42.66
2007-10-01,38.32,39.55,38.24,39.17,3807000,39.17
2007-09-28,37.54,38.62,37.40,38.08,2565200,38.08
2007-09-27,37.09,37.65,36.75,37.43,2142000,37.43
2007-09-26,37.70,37.86,36.80,36.97,2437900,36.97
2007-09-25,37.12,37.55,36.88,37.53,2127600,37.53
2007-09-24,37.73,38.30,37.21,37.42,2616800,37.42
2007-09-21,38.20,38.27,37.50,37.78,1386500,37.78
2007-09-20,38.04,38.50,37.68,37.71,1646800,37.71
2007-09-19,37.80,38.89,37.70,38.29,2431700,38.29
2007-09-18,37.46,37.93,36.59,37.75,3226000,37.75
2007-09-17,37.13,37.58,36.77,37.22,2058500,37.22
2007-09-14,37.26,37.34,36.66,37.20,1618300,37.20
2007-09-13,37.29,37.50,37.00,37.10,1349600,37.10
2007-09-12,37.20,38.03,37.09,37.28,2549100,37.28
2007-09-11,37.52,37.71,37.01,37.34,2095700,37.34
2007-09-10,38.00,38.28,37.00,37.29,2795300,37.29
2007-09-07,37.93,38.30,37.23,37.93,2298600,37.93
2007-09-06,38.20,39.20,38.09,38.55,3978000,38.55
2007-09-05,37.56,38.18,37.37,37.92,1794800,37.92
2007-09-04,37.90,38.64,37.28,38.01,2576200,38.01
2007-08-31,37.80,38.29,37.15,37.88,5555900,37.88
2007-08-30,36.54,37.50,35.80,37.20,9426100,37.20
2007-08-29,37.17,38.49,37.15,38.42,4352800,38.42
2007-08-28,37.48,37.70,36.50,36.59,2752900,36.59
2007-08-27,38.16,38.64,37.90,38.00,2610500,38.00
2007-08-24,37.45,38.33,36.81,38.14,1995700,38.14
2007-08-23,37.35,37.85,36.14,37.61,2410700,37.61
2007-08-22,36.00,37.54,35.27,37.09,4429000,37.09
2007-08-21,36.33,36.97,35.59,35.96,2554400,35.96
2007-08-20,36.57,36.97,35.88,36.48,1749500,36.48
2007-08-17,36.23,36.78,34.72,36.40,3263700,36.40
2007-08-16,33.82,35.55,32.75,35.25,3987400,35.25
2007-08-15,36.04,36.28,33.50,34.18,5368100,34.18
2007-08-14,37.39,37.85,36.35,36.39,1636600,36.39
2007-08-13,38.50,39.30,36.76,37.23,2080100,37.23
2007-08-10,37.52,38.24,36.38,37.90,3588400,37.90
2007-08-09,37.36,39.03,36.52,38.14,3687400,38.14
2007-08-08,37.00,39.34,36.92,37.97,5344000,37.97
2007-08-07,35.28,36.25,35.12,35.80,3717900,35.80
2007-08-06,35.90,36.15,33.39,35.57,3899300,35.57
2007-08-03,37.10,37.36,35.62,35.62,2919400,35.62
2007-08-02,36.27,37.59,35.97,37.13,2651300,37.13
2007-08-01,36.22,36.82,35.51,35.97,3026600,35.97
2007-07-31,37.87,37.88,36.46,36.53,2226700,36.53
2007-07-30,36.35,37.57,36.31,37.44,2313000,37.44
2007-07-27,37.70,37.70,36.18,36.21,3268500,36.21
2007-07-26,37.90,37.91,36.60,37.69,4256400,37.69
2007-07-25,39.46,39.79,37.91,38.30,4094500,38.30
2007-07-24,40.00,40.21,39.17,39.23,2417400,39.23
2007-07-23,39.12,41.13,39.07,40.42,5644200,40.42
2007-07-20,39.62,39.65,38.73,38.73,2535200,38.73
2007-07-19,38.79,40.00,38.79,39.70,3487200,39.70
2007-07-18,38.18,38.56,37.82,38.27,1692400,38.27
2007-07-17,38.62,39.10,38.17,38.47,1155200,38.47
2007-07-16,38.53,39.19,38.53,38.67,2240800,38.67
2007-07-13,38.01,38.72,37.84,38.70,2464300,38.70
2007-07-12,37.17,38.26,37.10,38.18,2780200,38.18
2007-07-11,36.41,37.21,36.41,37.10,2594700,37.10
2007-07-10,36.96,37.44,36.41,36.41,2344000,36.41
2007-07-09,36.99,37.28,36.41,37.19,2847700,37.19
2007-07-06,37.23,37.34,36.84,36.96,2131700,36.96
2007-07-05,37.71,37.71,37.17,37.33,1500100,37.33
2007-07-03,37.25,37.79,37.19,37.52,1563500,37.52
2007-07-02,36.59,37.25,36.51,37.14,3270300,37.14
2007-06-29,36.51,36.65,35.82,36.13,3236300,36.13
2007-06-28,36.00,37.20,36.00,36.39,5410100,36.39
2007-06-27,34.84,35.84,34.84,35.82,2978500,35.82
2007-06-26,35.14,35.72,34.80,35.01,2652800,35.01
2007-06-25,35.71,36.13,34.92,35.03,3117600,35.03
2007-06-22,36.49,36.80,35.08,35.71,5585700,35.71
2007-06-21,34.38,36.59,34.27,36.45,6715400,36.45
2007-06-20,34.81,35.35,34.16,34.21,1972000,34.21
2007-06-19,33.99,35.01,33.60,34.74,2643100,34.74
2007-06-18,34.55,34.80,33.85,34.01,3141100,34.01
2007-06-15,34.94,35.09,34.34,34.36,3360200,34.36
2007-06-14,34.77,35.54,34.52,34.60,5118600,34.60
2007-06-13,34.46,34.65,34.06,34.64,3150100,34.64
2007-06-12,33.88,34.57,33.85,34.30,3033400,34.30
2007-06-11,34.41,34.64,34.05,34.20,2765700,34.20
2007-06-08,33.65,34.72,33.51,34.57,4909000,34.57
2007-06-07,33.45,33.86,33.26,33.46,6977900,33.46
2007-06-06,32.97,33.60,32.88,33.48,12618400,33.48
2007-06-05,33.50,33.86,32.98,33.17,13918300,33.17
2007-06-04,34.34,35.15,34.15,34.86,3644300,34.86
2007-06-01,34.18,35.23,34.10,34.92,6692600,34.92
2007-05-31,32.33,34.47,32.33,34.32,22066900,34.32
2007-05-30,29.70,29.99,28.99,29.28,4833400,29.28
2007-05-29,30.01,30.41,29.78,30.01,2597100,30.01
2007-05-25,29.28,30.01,29.20,30.00,2705900,30.00
2007-05-24,29.89,30.14,28.88,29.01,2709600,29.01
2007-05-23,30.36,30.45,29.64,29.69,2565100,29.69
2007-05-22,29.70,30.30,29.55,30.23,2144800,30.23
2007-05-21,29.49,30.39,29.10,29.72,3100100,29.72
2007-05-18,28.90,29.46,28.81,29.36,2217200,29.36
2007-05-17,28.91,28.94,28.61,28.77,1421500,28.77
2007-05-16,28.83,29.15,28.48,29.10,1748900,29.10
2007-05-15,29.53,29.67,28.22,28.77,3997600,28.77
2007-05-14,29.76,30.02,29.18,29.53,1667100,29.53
2007-05-11,29.27,29.95,29.11,29.86,1959300,29.86
2007-05-10,29.50,29.89,29.02,29.28,2156200,29.28
2007-05-09,29.94,29.94,29.44,29.66,1855600,29.66
2007-05-08,29.95,30.22,29.56,30.10,1286500,30.10
2007-05-07,29.85,30.30,29.75,30.11,1403500,30.11
2007-05-04,30.31,30.34,29.78,29.93,1523200,29.93
2007-05-03,29.89,30.40,29.35,30.21,3285700,30.21
2007-05-02,29.61,30.16,29.60,30.05,2732600,30.05
2007-05-01,29.36,29.64,29.18,29.44,2529600,29.44
2007-04-30,30.95,30.95,29.06,29.16,3488400,29.16
2007-04-27,30.50,30.83,29.93,30.19,2295600,30.19
2007-04-26,30.21,30.84,29.80,30.47,2654600,30.47
2007-04-25,29.20,30.37,29.20,30.22,4841900,30.22
2007-04-24,28.33,29.13,28.28,28.90,3449600,28.90
2007-04-23,28.50,28.59,27.83,28.40,2381800,28.40
2007-04-20,28.38,28.56,27.79,28.40,4417500,28.40
2007-04-19,27.94,28.15,27.66,27.74,2050600,27.74
2007-04-18,27.97,28.42,27.66,28.18,1966300,28.18
2007-04-17,28.76,28.80,27.99,28.02,2870900,28.02
2007-04-16,28.52,28.88,28.52,28.71,1258700,28.71
2007-04-13,28.82,29.04,28.33,28.71,1877600,28.71
2007-04-12,28.44,28.83,28.12,28.69,2256700,28.69
2007-04-11,28.53,28.80,28.25,28.45,2382800,28.45
2007-04-10,28.22,28.75,28.22,28.68,2087500,28.68
2007-04-09,28.99,29.02,28.23,28.29,1966500,28.29
2007-04-05,28.74,28.99,28.50,28.85,1468200,28.85
2007-04-04,28.61,28.95,28.16,28.67,2919100,28.67
2007-04-03,28.88,29.10,28.57,28.61,3971100,28.61
2007-04-02,28.15,28.93,28.00,28.75,3355400,28.75
2007-03-30,27.59,28.11,27.54,27.95,2015600,27.95
2007-03-29,28.34,28.47,27.29,27.77,3618400,27.77
2007-03-28,27.60,28.45,27.42,28.19,4324300,28.19
2007-03-27,27.63,28.38,27.42,27.65,3907400,27.65
2007-03-26,26.68,27.80,26.50,27.78,5835800,27.78
2007-03-23,26.31,26.89,26.30,26.69,2317100,26.69
2007-03-22,26.49,26.49,26.05,26.40,3055500,26.40
2007-03-21,25.47,26.50,25.26,26.46,3023100,26.46
2007-03-20,25.30,25.76,25.20,25.43,2090500,25.43
2007-03-19,25.20,25.82,25.20,25.50,2346800,25.50
2007-03-16,25.46,25.52,24.95,25.06,1762000,25.06
2007-03-15,25.53,25.72,25.13,25.40,2456300,25.40
2007-03-14,25.35,25.77,24.75,25.65,4864800,25.65
2007-03-13,26.32,26.36,25.37,25.40,3189200,25.40
2007-03-12,26.34,26.79,26.34,26.41,1976200,26.41
2007-03-09,26.62,26.67,26.05,26.50,2096800,26.50
2007-03-08,27.00,27.10,26.19,26.30,3408400,26.30
2007-03-07,26.15,26.95,25.88,26.56,4924400,26.56
2007-03-06,26.25,27.42,26.01,26.25,4256400,26.25
2007-03-05,26.69,26.91,25.89,25.98,5070100,25.98
2007-03-02,28.31,28.53,26.90,27.10,6008800,27.10
2007-03-01,28.16,29.30,27.69,28.28,13973700,28.28
2007-02-28,30.70,31.73,30.38,31.47,6006100,31.47
2007-02-27,30.46,30.83,29.63,30.15,3067400,30.15
2007-02-26,32.71,32.80,30.86,31.34,3535500,31.34
2007-02-23,31.57,32.63,31.57,32.50,2688700,32.50
2007-02-22,31.80,32.01,31.54,31.78,1939000,31.78
2007-02-21,31.92,32.03,31.64,31.78,2144000,31.78
2007-02-20,31.68,32.17,31.32,32.04,3202100,32.04
2007-02-16,30.97,31.65,30.84,31.57,2844800,31.57
2007-02-15,30.29,31.23,30.10,31.14,4498000,31.14
2007-02-14,29.25,30.72,29.24,30.07,5738600,30.07
2007-02-13,28.68,28.82,28.20,28.68,2119400,28.68
2007-02-12,28.80,29.20,28.28,28.50,4504400,28.50
2007-02-09,28.82,28.82,28.00,28.29,3839400,28.29
2007-02-08,27.20,28.81,26.96,28.71,4876700,28.71
2007-02-07,27.01,27.32,26.95,27.26,3187200,27.26
2007-02-06,26.70,26.70,26.08,26.50,4189800,26.50
2007-02-05,27.45,27.70,26.73,26.82,3624800,26.82
2007-02-02,27.41,28.00,27.33,27.52,2183600,27.52
2007-02-01,28.10,28.18,27.11,27.40,4009400,27.40
2007-01-31,28.44,28.47,27.75,28.09,1967600,28.09
2007-01-30,28.11,28.75,28.09,28.63,2009500,28.63
2007-01-29,28.74,28.78,27.33,28.06,4085000,28.06
2007-01-26,28.00,28.86,27.91,28.78,2302400,28.78
2007-01-25,28.36,28.63,27.90,28.00,1324500,28.00
2007-01-24,28.18,28.58,27.94,28.36,1929700,28.36
2007-01-23,28.00,28.64,27.69,28.11,2425800,28.11
2007-01-22,28.60,28.60,27.85,28.17,2094900,28.17
2007-01-19,28.62,28.84,28.26,28.41,2456800,28.41
2007-01-18,29.71,29.77,28.25,28.42,3176900,28.42
2007-01-17,30.24,30.56,29.65,29.80,3943700,29.80
2007-01-16,29.71,30.45,29.40,30.22,3463900,30.22
2007-01-12,29.55,29.89,29.34,29.78,1973200,29.78
2007-01-11,28.91,29.53,28.69,29.51,2084700,29.51
2007-01-10,29.03,29.19,28.60,28.84,2174100,28.84
2007-01-09,28.87,29.47,28.56,29.27,3419600,29.27
2007-01-08,30.00,30.00,28.49,28.66,3451800,28.66
2007-01-05,28.39,29.87,28.01,29.29,4636500,29.29
2007-01-04,27.65,28.98,27.22,28.85,2779400,28.85
2007-01-03,28.02,28.74,27.08,27.65,2901300,27.65
2006-12-29,28.49,28.74,27.71,27.71,1475400,27.71
2006-12-28,28.23,28.57,28.12,28.32,1341100,28.32
2006-12-27,27.62,28.21,27.62,28.14,1649300,28.14
2006-12-26,27.54,28.09,27.36,27.60,944800,27.60
2006-12-22,28.14,28.29,27.56,27.64,939800,27.64
2006-12-21,28.48,28.64,28.00,28.14,1958500,28.14
2006-12-20,28.02,29.01,28.00,28.55,3095400,28.55
2006-12-19,27.88,28.23,27.38,27.69,2402900,27.69
2006-12-18,28.93,29.04,27.66,27.88,3307100,27.88
2006-12-15,27.87,29.73,27.87,28.81,8569800,28.81
2006-12-14,27.23,28.15,26.63,27.83,12532600,27.83
2006-12-13,24.50,25.57,24.50,24.96,2679300,24.96
2006-12-12,25.33,25.45,24.56,24.74,1763900,24.74
2006-12-11,25.21,25.87,25.19,25.28,1780400,25.28
2006-12-08,25.65,25.68,25.04,25.37,1756100,25.37
2006-12-07,26.50,26.70,25.33,25.51,3677900,25.51
2006-12-06,25.07,27.14,25.07,26.63,6415500,26.63
2006-12-05,24.92,25.52,24.88,24.95,1302600,24.95
2006-12-04,24.82,24.96,24.39,24.69,1783200,24.69
2006-12-01,25.17,25.31,24.41,24.87,1175100,24.87
2006-11-30,25.26,25.55,24.94,25.14,2306500,25.14
2006-11-29,25.60,26.00,25.20,25.31,1803900,25.31
2006-11-28,25.00,25.52,24.91,25.38,2079000,25.38
2006-11-27,25.71,26.17,25.02,25.19,1914300,25.19
2006-11-24,26.03,26.25,25.60,25.88,1479700,25.88
2006-11-22,24.76,26.38,24.65,26.11,2613000,26.11
2006-11-21,24.93,25.12,24.76,24.81,1420200,24.81
2006-11-20,24.71,25.08,24.40,24.84,1548700,24.84
2006-11-17,24.43,24.88,24.35,24.85,2267800,24.85
2006-11-16,23.79,24.76,23.56,24.68,4148100,24.68
2006-11-15,23.56,23.92,23.38,23.50,2432800,23.50
2006-11-14,22.84,23.59,22.79,23.46,2243600,23.46
2006-11-13,23.01,23.16,22.76,22.92,1772500,22.92
2006-11-10,22.90,23.18,22.63,22.96,2221900,22.96
2006-11-09,23.42,23.93,22.68,22.71,3120300,22.71
2006-11-08,23.42,23.45,22.70,22.84,1530800,22.84
2006-11-07,23.59,23.82,23.35,23.41,1196600,23.41
2006-11-06,22.75,23.63,22.64,23.34,1772700,23.34
2006-11-03,22.45,23.09,22.42,22.61,2109100,22.61
2006-11-02,22.15,22.53,22.04,22.13,1650700,22.13
2006-11-01,23.53,23.58,22.14,22.17,2347300,22.17
2006-10-31,23.61,23.86,23.31,23.51,1695400,23.51
2006-10-30,23.48,23.97,23.31,23.63,2481500,23.63
2006-10-27,24.14,24.14,23.49,23.59,2303900,23.59
2006-10-26,23.16,24.15,23.09,24.06,1758900,24.06
2006-10-25,23.33,23.58,23.08,23.29,2514600,23.29
2006-10-24,24.86,24.90,23.12,23.46,3248300,23.46
2006-10-23,24.72,25.60,24.68,24.94,1892600,24.94
2006-10-20,25.12,25.23,24.56,24.88,1045400,24.88
2006-10-19,24.75,25.13,24.68,24.96,853900,24.96
2006-10-18,25.50,25.87,24.80,24.92,1070500,24.92
2006-10-17,25.81,25.95,25.30,25.60,1473800,25.60
2006-10-16,25.64,26.05,25.45,25.90,965200,25.90
2006-10-13,25.44,25.70,25.34,25.56,1073100,25.56
2006-10-12,25.05,25.79,24.95,25.20,2273300,25.20
2006-10-11,24.88,25.10,24.36,24.80,6100400,24.80
2006-10-10,27.09,27.12,24.30,25.07,10973800,25.07
2006-10-09,27.89,28.08,26.68,27.07,7284200,27.07
2006-10-06,29.10,29.33,27.75,28.01,6071600,28.01
2006-10-05,27.97,28.75,27.86,28.56,2228200,28.56
2006-10-04,26.88,27.99,26.88,27.55,1957300,27.55
2006-10-03,26.45,27.25,26.41,27.07,2298800,27.07
2006-10-02,27.28,27.30,26.32,26.71,1894500,26.71
2006-09-29,26.35,27.29,26.15,27.25,2942200,27.25
2006-09-28,27.34,28.03,26.37,26.47,2516800,26.47
2006-09-27,28.00,28.10,26.25,27.42,3207000,27.42
2006-09-26,29.50,29.89,28.00,28.11,3121000,28.11
2006-09-25,28.85,29.68,28.29,29.68,1675500,29.68
2006-09-22,4.19,4.31,4.10,4.29,1161800,30.03
2006-09-21,4.19,4.29,4.19,4.23,1190900,29.61
2006-09-20,4.27,4.35,4.15,4.21,2163100,29.47
2006-09-19,4.22,4.25,4.13,4.24,1613900,29.68
2006-09-18,4.25,4.33,4.21,4.28,1522500,29.96
2006-09-15,4.37,4.41,4.18,4.30,2679300,30.10
2006-09-14,4.04,4.37,4.02,4.35,4107600,30.45
2006-09-13,4.23,4.33,4.06,4.08,4514300,28.56
2006-09-12,3.91,4.24,3.89,4.19,3622000,29.33
2006-09-11,3.83,3.95,3.78,3.89,1605600,27.23
2006-09-08,3.73,3.92,3.73,3.88,2238900,27.16
2006-09-07,3.85,3.85,3.67,3.70,2276900,25.90
2006-09-06,3.89,3.96,3.85,3.85,1281800,26.95
2006-09-05,3.99,4.03,3.88,3.98,2610300,27.86
2006-09-01,3.97,4.02,3.76,4.02,4447100,28.14
2006-08-31,4.21,4.25,3.86,3.95,10093700,27.65
2006-08-30,4.30,4.32,4.21,4.31,2788900,30.17
2006-08-29,4.25,4.28,4.16,4.26,1749400,29.82
2006-08-28,4.19,4.27,4.16,4.22,1889800,29.54
2006-08-25,4.01,4.19,4.01,4.14,1528900,28.98
2006-08-24,4.05,4.06,3.95,4.04,1954200,28.28
2006-08-23,4.10,4.15,3.97,3.99,1677200,27.93
2006-08-22,4.07,4.17,4.06,4.10,1759800,28.70
2006-08-21,4.18,4.18,4.02,4.09,1479900,28.63
2006-08-18,4.06,4.19,3.95,4.19,2180500,29.33
2006-08-17,3.88,4.13,3.85,4.08,3082900,28.56
2006-08-16,3.91,3.93,3.85,3.86,3192900,27.02
2006-08-15,3.84,3.89,3.82,3.87,1192600,27.09
2006-08-14,3.81,3.89,3.75,3.75,1517900,26.25
2006-08-11,3.80,3.85,3.69,3.72,1154100,26.04
2006-08-10,3.66,3.82,3.66,3.81,1444900,26.67
2006-08-09,3.56,3.76,3.55,3.69,3259400,25.83
2006-08-08,3.59,3.68,3.46,3.49,1296200,24.43
2006-08-07,3.63,3.63,3.55,3.55,721000,24.85
2006-08-04,3.72,3.79,3.51,3.64,1363900,25.48
2006-08-03,3.45,3.69,3.42,3.63,1445300,25.41
2006-08-02,3.58,3.58,3.47,3.50,1400200,24.50
2006-08-01,3.61,3.64,3.42,3.50,1354200,24.50
2006-07-31,3.53,3.69,3.51,3.63,1690600,25.41
2006-07-28,3.41,3.54,3.41,3.53,1240200,24.71
2006-07-27,3.73,3.74,3.34,3.46,3222600,24.22
2006-07-26,3.58,3.71,3.53,3.68,1894300,25.76
2006-07-25,3.45,3.57,3.42,3.55,1749100,24.85
2006-07-24,3.50,3.53,3.39,3.42,2935100,23.94
2006-07-21,3.85,3.87,3.39,3.45,5503000,24.15
2006-07-20,3.92,4.14,3.80,3.81,3387600,26.67
2006-07-19,3.80,4.02,3.74,3.92,2623200,27.44
2006-07-18,3.97,4.08,3.71,3.83,4372400,26.81
2006-07-17,3.95,4.07,3.89,3.94,1430800,27.58
2006-07-14,3.98,4.08,3.89,3.92,2077100,27.44
2006-07-13,4.00,4.13,3.90,3.99,3965400,27.93
2006-07-12,4.19,4.34,4.05,4.07,2545000,28.49
2006-07-11,4.15,4.19,4.00,4.16,2380600,29.12
2006-07-10,4.36,4.39,4.15,4.18,1912500,29.26
2006-07-07,4.61,4.61,4.29,4.32,3524900,30.24
2006-07-06,4.56,4.64,4.53,4.60,2029100,32.20
2006-07-05,4.51,4.63,4.49,4.52,1933900,31.64
2006-07-03,4.64,4.74,4.53,4.53,1554300,31.71
2006-06-30,4.50,4.81,4.42,4.81,9305600,33.67
2006-06-29,4.25,4.49,4.24,4.49,2518600,31.43
2006-06-28,4.20,4.25,4.12,4.23,1543000,29.61
2006-06-27,4.41,4.44,4.17,4.19,2811700,29.33
2006-06-26,4.41,4.48,4.39,4.43,2636700,31.01
2006-06-23,4.22,4.42,4.18,4.36,2104800,30.52
2006-06-22,4.30,4.30,4.18,4.23,1533500,29.61
2006-06-21,4.08,4.35,4.08,4.30,2985500,30.10
2006-06-20,4.03,4.18,3.97,4.11,2251000,28.77
2006-06-19,4.14,4.19,4.00,4.03,1802200,28.21
2006-06-16,4.30,4.35,4.10,4.12,3936200,28.84
2006-06-15,4.10,4.30,4.08,4.25,2633100,29.75
2006-06-14,3.89,4.17,3.82,4.02,3951100,28.14
2006-06-13,3.97,4.14,3.78,3.79,4108500,26.53
2006-06-12,4.25,4.25,3.95,3.97,2894000,27.79
2006-06-09,4.46,4.60,4.19,4.25,3807100,29.75
2006-06-08,4.38,4.42,4.07,4.41,4352700,30.87
2006-06-07,4.65,4.75,4.40,4.42,3001900,30.94
2006-06-06,4.55,4.66,4.44,4.63,2478800,32.41
2006-06-05,4.64,4.72,4.54,4.54,2300900,31.78
2006-06-02,4.73,4.76,4.59,4.65,4266900,32.55
2006-06-01,4.50,4.58,4.36,4.49,6473600,31.43
2006-05-31,3.84,4.30,3.83,4.30,8179100,30.10
2006-05-30,3.97,3.97,3.78,3.78,1750500,26.46
2006-05-26,4.03,4.04,3.94,3.98,1439500,27.86
2006-05-25,3.97,4.05,3.85,4.00,1662100,28.00
2006-05-24,4.02,4.14,3.80,3.91,3416700,27.37
2006-05-23,4.04,4.15,4.00,4.06,2937600,28.42
2006-05-22,3.95,4.07,3.89,3.96,2316500,27.72
2006-05-19,3.86,4.06,3.83,4.01,3485400,28.07
2006-05-18,3.85,4.02,3.82,3.83,2610800,26.81
2006-05-17,3.82,3.92,3.74,3.82,2263900,26.74
2006-05-16,3.76,3.96,3.74,3.85,2542400,26.95
2006-05-15,3.88,3.90,3.67,3.75,2738600,26.25
2006-05-12,3.85,3.94,3.74,3.92,3187500,27.44
2006-05-11,4.27,4.27,3.84,3.89,6133900,27.23
2006-05-10,4.37,4.37,4.26,4.28,2339800,29.96
2006-05-09,4.31,4.37,4.25,4.36,2164400,30.52
2006-05-08,4.17,4.33,4.16,4.30,2418400,30.10
2006-05-05,4.25,4.27,4.12,4.17,2227000,29.19
2006-05-04,4.17,4.25,4.14,4.19,1700700,29.33
2006-05-03,4.20,4.28,4.12,4.17,1589100,29.19
2006-05-02,4.02,4.21,4.02,4.18,3607600,29.26
2006-05-01,4.12,4.14,3.97,4.01,3453800,28.07
2006-04-28,4.11,4.15,4.04,4.09,3860000,28.63
2006-04-27,4.21,4.25,4.08,4.14,3927000,28.98
2006-04-26,4.36,4.40,4.23,4.25,1928800,29.75
2006-04-25,4.41,4.45,4.21,4.34,4560600,30.38
2006-04-24,4.42,4.49,4.35,4.37,1946800,30.59
2006-04-21,4.42,4.50,4.35,4.44,4887000,31.08
2006-04-20,4.54,4.54,4.24,4.33,3128900,30.31
2006-04-19,4.54,4.56,4.36,4.41,2722900,30.87
2006-04-18,4.17,4.51,4.12,4.45,7436600,31.15
2006-04-17,4.32,4.32,4.05,4.14,3179400,28.98
2006-04-13,4.31,4.41,4.27,4.32,2162100,30.24
2006-04-12,4.23,4.40,4.11,4.33,4497100,30.31
2006-04-11,4.49,4.52,4.03,4.20,12769600,29.40
2006-04-10,4.87,4.91,4.41,4.46,7336700,31.22
2006-04-07,4.93,4.98,4.80,4.81,3364500,33.67
2006-04-06,4.84,4.94,4.76,4.91,4485400,34.37
2006-04-05,4.91,4.98,4.78,4.85,8523200,33.95
2006-04-04,5.00,5.06,4.89,4.91,6909900,34.37
2006-04-03,5.32,5.38,5.19,5.22,2211000,36.54
2006-03-31,5.28,5.34,5.18,5.21,1692300,36.47
2006-03-30,5.41,5.46,5.24,5.26,2716800,36.82
2006-03-29,5.41,5.53,5.28,5.32,3586800,37.24
2006-03-28,5.33,5.62,5.30,5.41,4692600,37.87
2006-03-27,5.15,5.31,5.13,5.23,2113800,36.61
2006-03-24,4.82,5.18,4.82,5.15,3782800,36.05
2006-03-23,4.90,4.92,4.79,4.81,1961800,33.67
2006-03-22,4.96,5.07,4.85,4.89,2342100,34.23
2006-03-21,5.10,5.20,4.96,4.96,2359500,34.72
2006-03-20,5.20,5.20,5.03,5.08,1819500,35.56
2006-03-17,5.07,5.22,5.04,5.11,3020200,35.77
2006-03-16,5.20,5.38,5.05,5.09,7437800,35.63
2006-03-15,4.90,5.47,4.89,5.35,8066200,37.45
2006-03-14,4.88,4.94,4.85,4.88,1732800,34.16
2006-03-13,4.85,4.87,4.75,4.85,1663600,33.95
2006-03-10,4.61,4.75,4.59,4.72,1794800,33.04
2006-03-09,4.56,4.75,4.55,4.57,2465500,31.99
2006-03-08,4.35,4.59,4.32,4.53,2011600,31.71
2006-03-07,4.67,4.67,4.40,4.41,2209300,30.87
2006-03-06,4.65,5.00,4.52,4.64,4794400,32.48
2006-03-03,4.63,4.93,4.42,4.55,8229800,31.85
2006-03-02,4.12,4.68,4.07,4.64,7658500,32.48
2006-03-01,4.10,4.36,4.05,4.35,2714600,30.45
2006-02-28,4.11,4.21,3.95,4.02,1815500,28.14
2006-02-27,4.30,4.34,4.08,4.10,2107700,28.70
2006-02-24,4.31,4.34,4.24,4.29,981900,30.03
2006-02-23,4.35,4.49,4.22,4.26,1557000,29.82
2006-02-22,4.32,4.36,4.20,4.21,1419300,29.47
2006-02-21,4.24,4.43,4.20,4.33,2892100,30.31
2006-02-17,4.04,4.27,4.04,4.22,1939300,29.54
2006-02-16,3.95,4.16,3.94,4.09,1872000,28.63
2006-02-15,3.91,4.01,3.91,3.95,815400,27.65
2006-02-14,3.81,3.97,3.81,3.97,909900,27.79
2006-02-13,3.93,3.97,3.88,3.90,950600,27.30
2006-02-10,4.07,4.10,3.87,3.94,1672300,27.58
2006-02-09,3.93,4.20,3.87,4.07,2822200,28.49
2006-02-08,3.92,3.95,3.77,3.92,1047400,27.44
2006-02-07,3.95,3.97,3.81,3.82,1212800,26.74
2006-02-06,3.93,4.02,3.87,3.96,2707700,27.72
2006-02-03,3.82,3.91,3.72,3.90,1513800,27.30
2006-02-02,4.06,4.08,3.77,3.90,3953500,27.30
2006-02-01,4.00,4.10,3.95,4.04,1472600,28.28
2006-01-31,3.85,4.01,3.85,4.00,2096600,28.00
2006-01-30,3.93,3.95,3.81,3.85,2153300,26.95
2006-01-27,3.98,4.11,3.84,4.00,2886800,28.00
2006-01-26,3.78,3.98,3.75,3.97,2849500,27.79
2006-01-25,3.71,3.77,3.67,3.73,1521400,26.11
2006-01-24,3.47,3.69,3.46,3.69,1491100,25.83
2006-01-23,3.56,3.57,3.38,3.49,1465300,24.43
2006-01-20,3.56,3.61,3.45,3.50,1554200,24.50
2006-01-19,3.51,3.71,3.48,3.59,2767200,25.13
2006-01-18,3.17,3.43,3.11,3.42,1753600,23.94
2006-01-17,3.37,3.41,3.25,3.30,1416900,23.10
2006-01-13,3.41,3.50,3.32,3.45,1217400,24.15
2006-01-12,3.59,3.60,3.38,3.45,2144700,24.15
2006-01-11,3.52,3.72,3.51,3.57,4148700,24.99
2006-01-10,3.38,3.54,3.31,3.52,1742700,24.64
2006-01-09,3.39,3.46,3.34,3.41,1979200,23.87
2006-01-06,3.21,3.42,3.17,3.36,3278400,23.52
2006-01-05,3.18,3.28,3.15,3.15,1232700,22.05
2006-01-04,3.08,3.27,3.06,3.17,2919100,22.19
2006-01-03,2.97,3.10,2.91,3.05,1608000,21.35
2005-12-30,2.97,3.00,2.90,2.97,851800,20.79
2005-12-29,3.02,3.09,3.00,3.00,1102600,21.00
2005-12-28,2.99,3.04,2.96,3.04,831500,21.28
2005-12-27,3.05,3.15,2.93,2.94,1154000,20.58
